25
-30 10 30
-15 10 30
0 10 30
15 10 30
30 10 30
-30 10 15
-15 10 15
0 10 15
15 10 15
30 10 15
-30 10 0
-15 10 0
0 10 0
15 10 0
30 10 0
-30 10 -15
-15 10 -15
0 10 -15
15 10 -15
30 10 -15
-30 10 -30
-15 10 -30
0 10 -30
15 10 -30
30 10 -30
33
0 1 A
1 2 A
2 3 A
3 4 A
0 5 A
5 10 A
10 15 A
15 20 A
20 21 A
21 22 A
22 23 A
23 24 A
4 9 A
9 14 A
14 19 A
19 24 A
1 6 C
5 6 C
3 8 C
8 9 C
15 16 C
16 21 C
18 19 C
18 23 C
16 17 B
17 18 B
11 16 B
6 11 B
6 7 B
7 8 B
8 13 B
13 18 B
12 13 A